k1_params:  [  1.99774353e-01   6.00193193e+09]
k2_params:  [  4.61840522  21.62082438]
mean_params:  [ 0.   0.   0.   0.1]
white_noise:  [ 2003.26359886  2031.69366896  2008.47868955]
offsets:  [  9254609.0610705   28751336.88597446  80387416.40788661]
