k1_params:  [  1.77152998e-01   5.90382064e+09]
k2_params:  [  2.98488408  14.33963027]
mean_params:  [ 0.   0.   0.   0.1]
white_noise:  [ 2982.66939388  5668.29517293  3052.10215802]
offsets:  [  8945537.17593357  27827175.85438949  75926060.26946482]
