k1_params:  [  1.99805894e-01   6.00307240e+09]
k2_params:  [  4.6156385   21.64949448]
mean_params:  [ 0.   0.   0.   0.1]
white_noise:  [ 2002.86067556  2033.12719809  2008.81884186]
offsets:  [  9257518.71546307  28769034.70653291  80442098.00883356]
