k1_params:  [  1.50637537e-01   6.19603028e+09]
k2_params:  [  4.27678398  17.38189777]
mean_params:  [ 0.   0.   0.   0.1]
white_noise:  [  3705.31306977  10928.99396008   7418.88547693]
offsets:  [  9117919.43297212  28160307.11874686  78063254.12620372]
