k1_params:  [  1.99384234e-01   5.99988239e+09]
k2_params:  [  4.73700155  21.02457082]
mean_params:  [ 0.   0.   0.   0.1]
white_noise:  [ 2006.21953981  2030.26471268  2022.71608874]
offsets:  [  9228640.51849417  28640799.62167865  79781472.37121065]
