k1_params:  [  1.98146156e-01   6.00447728e+09]
k2_params:  [  4.11018283  24.49087469]
mean_params:  [ 0.   0.   0.   0.1]
white_noise:  [ 2016.82100217  2200.33078627  2071.55467058]
offsets:  [  9246585.36389174  28718805.73552563  80148467.54429963]
