k1_params:  [  1.83217442e-01   5.96095988e+09]
k2_params:  [  3.45908499  16.87978161]
mean_params:  [ 0.   0.   0.   0.1]
white_noise:  [ 2338.62854325  2489.65719606  2723.97180687]
offsets:  [  8654746.71759095  26677801.65929194  70235373.05023481]
