k1_params:  [  1.99330929e-01   5.99835189e+09]
k2_params:  [  4.52252588  22.07364866]
mean_params:  [ 0.   0.   0.   0.1]
white_noise:  [ 2004.50940019  2050.58738889  2023.68604808]
offsets:  [  9273739.45121219  28821553.41067179  80667364.00741301]
